0.951763789899148
1.24569869227684
2.81931125612791
1.17154354312378
1.1148708488596
1.09923994708582
1.55592931608485
0.894389891396769
0.803618570221656
0.71674869994143
0.866884165241294
1.90319976507121
0.661922135544309
0.297212837448129
0.693942806775125
0.768308011083236
1.22937777684262
0.963771292726147
1.61757813559415
0.252178302149745
2.38061123598999
0.593973844764532
0.494439906518433
0.539748652437944
4.7961355380324
1.99245518798062
0.806514525390836
2.37511329658423
1.85885441714314
1.01286045354738
1.26550695176978
0.942201711484482
2.1092571535468
0.647444798342058
3.04480118737791
0.71598983051652
0.507497670186704
1.76450309243051
1.81079667863031
0.365598594343713
1.32184673674078
0.779434175408962
3.4995587098751
0.521651336650172
0.562927392949169
0.66094693992048
0.379943419021483
0.511458467099144
1.38439143893795
0.543579135254152
0.50961182043703
2.22532925631579
0.872286890064956
0.326694318647178
2.09980799493868
0.85977320063564
1.55234628632128
0.792589522915522
0.403631744441475
0.105602116235375
0.550258793405936
1.3639473875739
3.33894777027266
1.32837647652591
0.71548436010699
0.667862949937332
1.75361576999893
0.413116502343936
0.821027629176232
0.704240269298632
3.25491623192686
1.26742427648009
3.48040663161569
0.250033901944978
2.44575554224953
1.1474238867461
0.430039770000307
1.61824473369304
1.67163197783862
3.02350210015805
1.18935596994351
1.75572262318596
0.391286255338221
0.479844763469287
0.384781529383692
0.260000796417599
0.59970344615143
0.587828914903773
1.04864237817794
0.492241714898024
2.33243025424581
0.491680094492369
2.34156048116929
2.23701930575684
1.1989174643942
3.22610761414826
0.783684753621133
0.31253334870642
0.915082365656244
0.742691029668648
1.43547378480593
0.458380775005524
0.3690551632429
0.190861943283095
1.32786231795359
0.833333133050242
1.26809410249462
0.348606457639356
0.321305686949807
1.07326641072761
2.19881271641478
2.70477665579759
0.892246612896609
1.31616273289292
0.62770680839986
0.29254867408661
0.536803272884854
0.492112770103416
1.57711049493308
0.268728546435861
0.659182687830044
2.81045559010113
1.72357914501151
0.903660627701495
1.04513877839481
0.431896404105892
0.588866684071568
0.805009827932803
0.290929306001846
1.33847352659334
0.23526860437867
1.53489511221596
1.31816654913138
0.145950294716579
1.54464803465555
1.55878588744204
0.909397634600613
0.74864802952726
0.515173660407033
0.626035380766795
0.992052278243816
0.498636814088029
0.53071973245339
1.67522366527142
0.205991126511444
0.751873766199472
1.95245131315772
1.72019833851005
0.12842561030364
0.512158293833372
1.64762096180075
0.579762679431458
1.39085713240551
3.49317170299904
0.539909662190022
3.53497916817565
0.142656177730628
0.515374041803043
0.310624589477653
2.09990058741986
1.54960372348744
1.05065412844999
0.736135788344801
3.77962354231041
0.4552278413587
1.42707917174603
0.136466859474862
0.855863689902775
0.669075829450935
0.435257364096117
1.42863608555171
0.464871158823705
1.07651536947819
2.23438622298183
0.992958420626655
1.98669516137383
0.63795411361494
2.64121639356569
1.47988313341525
0.617901441764855
0.52608819801201
0.798346042369602
1.74865550060291
3.36226509924596
1.69953777939537
0.556121494338258
2.06276455351903
0.654759179292623
2.25141141892134
0.845922516235672
2.80245256422597
0.979334253078645
2.91105580030519
0.235259067160338
0.692559673234889
0.469951672284799
4.49038934435782
0.463607817834331
0.242078683878284
0.26784124988554
1.94014066848234
0.373938675482824
0.190110042791724
0.719863569880379
1.34400916132046
2.31566745833329
1.43012060229621
1.99755403950044
1.46571279178845
2.92819677960615
2.2465497186445
1.64132716724757
1.45047230504017
0.82742416030998
0.659676839900218
1.74472333740222
1.34811533155813
0.204106343292958
1.44190627493235
1.86282559371897
0.57289828797442
2.11204219200642
3.23903864017151
1.30538129885278
0.665283251457069
3.37267460233679
0.712288672745666
0.189049139135855
0.344937474809548
1.32775521285972
2.51000022851708
1.19611776413815
1.98810226799697
1.106117515098
1.21385092772146
1.47943331258951
0.822242820575147
1.15632646518188
1.32376577490914
2.43028761486718
1.48542941135393
1.32790110086807
1.43965422329515
0.983279323580081
0.869953300656778
1.02459238190628
0.842244923294378
1.06524267435146
1.0487280652779
0.952349513199719
0.486785052764951
0.593454924002872
0.450925071912762
1.22889451538631
1.93238146166836
1.94784991617003
5.11730905693664
1.66762136957424
3.10621274290714
0.391643745896246
0.679558017950575
2.4073251723574
0.472230446270441
0.367685796202093
1.83936445653396
1.48844579999683
2.48267507925494
0.247018965083046
1.80798446419829
0.809873042834017
3.29802708457035
2.50707199674426
1.74884921397412
1.03850701189637
2.28301441761428
0.573115813100632
1.08239174190355
2.09141926307169
3.22288256752313
0.564180912414644
1.68492198345069
0.179284098117056
2.04744956634429
0.757488664946401
1.28094523336862
1.01889271566394
4.58056020335025
0.338444291687103
0.668583410211822
0.213102561426021
1.17043198330713
1.08258112663794
3.61032813673393
0.375403580922271
0.810156938266841
0.182243626474431
1.3932802729577
1.63937100631742
0.51714370459288
