0.274304469263806
0.578543685065433
0.507144758959799
0.253887166267319
0.216850597621056
0.375348784733649
0.25868301116771
0.374831799080466
0.393495276041211
0.0992320291072838
0.0800984901436994
0.432032258101467
0.147312252674183
0.0602425815514481
0.315533454118601
0.493386623929987
0.28531525846668
0.249324826337694
0.704346297881231
0.151533469101839
0.429596721545388
0.131586842535271
0.133603596634128
0.213324410715421
0.610723659260648
0.449264140719936
0.160407626705974
0.421625128497587
0.576486954944801
0.496292132433134
0.229954687753288
0.284485147057753
0.508466215061485
0.112414886413213
0.477204064191946
0.130420448939722
0.159064203089326
0.384930205127996
0.445841441052577
0.191320265522267
0.156738936106869
0.190911645909723
1.08304147855222
0.265745026178784
0.0532736855072865
0.137806885472213
0.165973335831688
0.168244203043252
0.147258570370889
0.185019106501214
0.192382707132848
0.370069216233733
0.195964197281847
0.130953203179535
0.229130472262895
0.217757585726568
0.321981119594573
0.193789036339886
0.1720758712678
0.068291329544972
0.123580220893105
0.178988616722017
0.382402657638747
0.434079226715762
0.191356163031668
0.0970620243088385
0.424440186771605
0.128123782612673
0.200147700978123
0.123254270177549
0.758112669093879
0.158965635352233
0.594153517725696
0.0940534548239865
0.447511633749286
0.509191322539825
0.149484369236689
0.446523700273212
0.223094939848263
1.17774608368474
0.512500461547719
0.543612022345921
0.070185033395999
0.171734755643854
0.13108731409984
0.0822547531535409
0.156472228211622
0.116526106302203
0.426693258894157
0.0790878440586777
0.812444876957429
0.0876472314699809
0.467428450784621
0.429814245157257
0.486325473010462
0.821710730897586
0.10988431673303
0.0678308765871196
0.165449682550614
0.143045675165454
0.341775039717796
0.179005095328075
0.11624406194167
0.0306128964393024
0.380653097335846
0.139623558144549
0.250576118175862
0.0573585634033739
0.0998190787436835
0.414024234789166
0.428518431758699
0.351628962142136
0.219277862098331
0.253047466408502
0.195437770686568
0.0975733116758029
0.0971433332315403
0.0896209906243305
0.614013160246176
0.128947042038451
0.207996020512264
0.517519950125467
0.344115577878675
0.136479518563235
0.211470716540767
0.0949964576267775
0.12705578836701
0.225199811433243
0.0825335349981266
0.390760382942045
0.0347991625288943
0.250099102512639
0.653159207678609
0.0431281450107653
0.22280030811712
0.27684874939856
1.62564288816907
0.153351849564984
0.494591755710614
0.122541444433286
0.159747092983016
0.220379812828382
0.108064062167797
0.43732500705205
0.229870718415004
0.269943294454965
0.456641014181829
0.382758175018163
0.0650538084774024
0.274304217925131
0.339749716022767
0.0917620461334984
0.24179162369441
0.469925108757658
0.110318712112913
0.660234278615057
0.0396332164805655
0.238517924635242
0.0791554985787309
0.61109619713404
0.362478836793055
0.45337953747484
0.278344583203933
0.438255113508891
0.0918072042904358
0.241465873832476
0.159048117505455
0.098822691398424
0.122766118485509
0.232719004611808
0.350982860477186
0.161902462070892
0.320508149978462
0.619921340076102
0.761234605556416
0.507825417366035
0.230219902920389
0.458607166713347
0.488670692138964
0.153513042564395
0.0562763566446899
0.142336593391035
0.579100107076892
0.649883043720981
0.207434816722734
0.0874110825376081
0.660250814712966
0.136633570590089
0.545108638930073
0.220014082375736
0.676865237555351
0.181629191397554
0.659880451799575
0.0658607198114112
0.098804830347502
0.167833040693036
0.471155316560577
0.148422009311975
0.140145819142352
0.0724876638252012
0.677679261756286
0.113165424727689
0.0472645886895717
0.28749273494137
0.260909344557393
1.22040005142506
0.369465822908989
0.296648661977922
0.39180952648758
1.06050751330481
0.341368545838473
0.266979575639838
0.425892490420848
0.140612949269634
0.15755343954102
0.434525935199436
0.658419917336692
0.0456084209636109
0.412090608239056
1.08190827810907
0.147754375375003
0.491640456061899
0.414156602067326
0.303987679784001
0.237000394675193
0.618784344206396
0.130207110564454
0.141948669820107
0.0882426414432629
0.347328313686427
0.652660060742205
0.83985747564678
0.595056022804879
0.267283812415302
0.209934093872015
0.343333054803238
0.133465654250883
0.247364123582071
0.534262328127667
0.472200738063942
0.378543230815117
0.839447920761237
0.451015568801431
0.430095313360764
0.179344043909791
0.381601227872384
0.242432841478728
0.196527775646579
0.390354270751023
0.356618023477291
0.122376197450626
0.0945879344618582
0.215508903040664
0.248759047064047
0.303286435425013
0.370358815488569
1.04100135513923
0.390846183161028
1.01233449717326
0.217460755270978
0.118399038113735
0.495002304328236
0.115794484047479
0.108549700505281
0.55207451990885
0.384149934285738
0.781916246940529
0.0463968640752115
0.25265755843046
0.149236805007616
0.323065337919586
0.560324217637303
0.227629430315372
0.182780725974098
0.318122607341549
0.0843505853246482
0.390321964411552
0.572584313184463
0.447939812251321
0.12043118916328
0.317950685272982
0.105492268922133
0.700169675870934
0.212283608031464
0.263338114232845
0.23653941467607
0.548357846655691
0.105343465634693
0.130911323772268
0.0749542080490587
0.343435842304605
0.352307897010649
0.503929445439393
0.0601067629286706
0.297493344786039
0.0534634211713495
0.172068372797398
0.370175447849184
0.127871948643546
