31.5139142694659
30.0162492409163
50.5984860565479
34.9382269962512
39.1407799549303
27.5255462308461
70.2525395993506
25.2625425289156
23.1537594017952
15.4750503321677
18.9627697924883
70.2373317012008
17.8688243086532
2.02860872562667
53.6927994624063
73.6438338899567
29.7856449047005
19.6331047105385
122.834367701463
32.1302661653573
40.2179808059708
10.3028106971495
16.7456253871084
27.1538356494958
148.710087745326
59.6828519220896
16.9190345102167
48.3782641359974
32.809674703045
43.6354241158731
31.8775607563297
37.9113602173214
58.0120287776706
23.100652896673
57.9547869482282
12.2373920406167
16.1015671910783
46.7422203668988
24.0387212253756
14.0838652172265
24.6685972892768
11.8931182003174
107.935220678819
18.6547835297172
11.9723908315095
24.3639204936433
12.1281680713379
15.3186626005219
8.89355722556786
20.9236755816956
20.5129930280506
52.8975479308261
26.0118166151979
20.4605998075373
56.661721872372
33.6079452340824
74.7744375535843
30.4885704996906
17.064791146246
8.88254287127224
29.7172317942961
26.8213755831866
30.6809512278082
79.6380998527417
12.5738928196215
13.056124295826
42.0945221933983
16.7966753506516
41.7942982872948
17.0413665528992
85.0650551303806
14.7755902608975
84.6729303090486
15.9750465153342
52.0661605072689
38.6831986711627
29.4018675610966
63.9978239651216
42.2713472523705
61.7629258653572
86.1981271531191
43.0845646944009
13.8460802455872
22.6305644265421
15.0750099420237
4.64800325495663
9.25457379678769
30.1009873800799
28.9151538365673
18.3413658137064
104.727481996172
10.3365663242152
86.1725715426144
63.2735526413929
113.138035597461
52.4908578970724
23.9017426081401
5.40457433689249
23.3175926176903
14.6211814966645
54.5272357227404
20.8418729066254
30.7696179394298
3.18718244937837
43.8791172734748
15.1003020201826
23.1987606326444
15.2299023441164
9.71402066433396
50.5222069221485
52.4917670870847
44.6403304028207
50.2249680813885
21.7696840331127
20.1990636052001
6.40037261887937
13.7178007705409
14.1159283736707
58.6315029572174
17.9207241594997
22.4972842028702
44.0462279703238
50.3033826114167
20.3806877104657
26.2939044433508
10.6682710284995
14.573942707487
30.6179798975546
7.80015199323185
102.247258351091
3.59278193964924
28.6068407230584
149.60795250666
3.2513890443708
21.4265707757076
49.4379201477729
74.9853165536597
35.3040399945473
26.402206897095
29.6699592470397
21.3070193066316
24.8546813693267
9.56548428451311
67.6735420314959
10.364458001188
57.6274825324392
93.0820114270534
72.7125776002506
2.39499631677271
33.7341592301403
68.6158509010684
7.22657841279742
38.0385184166624
27.3442536905679
16.6250026424707
182.570454052717
7.26509223866528
35.7275576561637
13.5667427650746
93.0638097662571
31.3763892654826
24.9721398608705
24.3014950288762
30.5090849043972
16.464053593434
32.6259244089227
16.3429530243958
7.55809018679898
13.590041014549
16.1925771082423
39.7633626132875
16.096375717902
19.7411208213172
105.724208302219
29.8150561534574
68.0813105526015
16.8341144215342
46.1793742238108
36.6094530763136
24.2120629610784
5.80217833809309
12.397254066736
37.9529528035709
172.611798992223
12.910320169669
5.15194545986082
116.255135433802
17.1976505497454
72.5388034333286
54.3970392314799
146.681361034183
31.5797255944641
85.0116155096198
9.3019524810702
12.598688376255
15.6712801363838
98.7784298854093
17.1805606030726
18.4603167588565
10.7025236981992
47.7991775427845
18.9224092461396
5.89862023648492
28.5609254410531
38.6602021137277
104.737409254585
34.3509639082119
37.2512282849456
41.9313359285392
74.5598918872635
70.6439705081433
36.7019437101688
54.4915559616263
16.8470935214534
15.2433455472428
51.7726907718069
66.30893215223
2.60488292135359
93.392623474859
94.8041725682776
19.114061674969
46.7773948844455
29.3422789371668
40.246589668536
25.444058925122
44.2005521627996
34.2416783732406
19.6226191078897
18.0742806909806
46.7659768660844
111.398062989189
46.1952180433445
81.5359339607982
15.5291222451992
29.403097465257
24.5562777334336
19.8134959958311
19.7342443472756
51.0236697415997
64.2169248492498
81.5728128129053
85.0893156778189
38.9655020555788
20.5952106307335
28.6743382902043
35.288730239208
47.1741577237103
28.8714604065292
41.265056292271
51.9285497796272
10.6765085524539
22.112962706384
29.5676316578329
73.712184856346
71.5742316244427
65.2217757267869
185.84409588708
18.8798604476667
150.064796262543
15.9602329759685
19.8036423495877
61.6018749987895
4.08861848734249
13.7770127805707
47.6488661266799
92.5706599282452
91.5039932400467
4.56331970182251
34.9043356790358
22.0960156542949
33.7646552351574
71.0129771542373
44.2183858669378
34.4240248852451
74.3341291609449
6.49142718125862
15.5879503558625
109.035451652796
60.5417077880675
18.1887813648961
36.0000163622858
6.38170997472053
49.3872748153208
23.6047034479476
40.5759177869112
38.5169817394707
65.5565397249217
18.7667048432435
28.2873713217557
7.71599047904096
24.7265101452855
58.7456374283216
142.11541975686
4.40283967712831
16.9519244203021
4.38473320349837
17.6365387365278
127.265232048416
21.9813914162555
