27.2367433460176
24.5537333549641
42.0570169276369
30.2378073267533
33.3875831329848
25.6460122425598
49.8902576315732
18.2704849027168
21.335554035725
12.2119344850729
10.0979272889434
44.5942701953345
14.7790595863433
1.88086809825169
40.3101111884986
68.6562439666515
23.4712292914052
15.7965327448791
108.26408337101
28.6769074484163
33.3801124159393
8.9311020999754
12.7860408684331
22.5682573972069
136.658088435984
55.1210859828099
12.2495106354955
41.8574380708995
27.6819244386278
33.8351837353849
24.2670712951276
37.4980675954977
55.5783767102411
19.0923715181926
40.6677919091759
10.7505723887507
12.1065578067983
36.1735448709421
22.7634873221308
11.5229022216569
20.7746665456181
11.151364747576
99.04170366917
17.0447835412655
8.17512479175832
14.7825946761184
10.9459522260918
12.3336344648631
7.29156086739788
16.6015522908849
17.1686735937426
35.0446705725658
20.9344583044357
17.4100915373708
42.5379541074676
25.7391019551959
67.953522086321
21.8803832362823
11.6785547587495
7.6172533475185
22.3688854631784
22.8916689014936
27.0226607961117
62.9005357046867
11.5583144542346
12.27132775596
39.5768428418397
14.9667160007774
30.3543578685838
13.4562342664429
83.1319845892634
12.1934532869199
75.3207488130463
14.1964118620329
48.0023854485673
33.1046014601511
19.9295167239427
55.7711022184172
34.5216903775012
59.9107571042589
73.5994659604261
34.8817094834831
11.7302239164388
18.2726535395479
12.9532573481861
4.23349817611074
7.86565417752407
20.2991407717359
28.3545580409383
14.9723111413387
93.2657466575484
8.30006704012864
80.2194473506136
58.4874057015546
97.0614979996525
47.9610296615981
17.5343830888562
4.55548283518906
19.0247625562608
10.8835800215218
48.7614594675532
17.4731122584304
27.1700371784978
2.60133695081501
38.1440207946443
14.4348750029477
20.7157569794285
12.5699063968692
7.98153448791472
44.1646444848386
50.553773526459
42.5864548727215
40.3792989458313
18.6635714332187
16.9285333751596
4.92419451913592
11.2623060078478
9.16419577131145
46.2387604692103
12.2290859477706
20.9447402598715
38.5023340414346
40.5728735340768
15.4091645447767
17.2444305770593
8.49807012884243
14.1155944692924
25.4995583937518
5.63180950558373
82.9641522088503
2.22816033206077
23.3538288446346
137.020900027223
2.92460217594462
17.9330097005097
39.8509132824575
65.7173169318684
28.2686376582704
20.8318304518336
26.0855248641569
15.1487932969516
20.5733705833946
8.18216139853937
48.4373996074112
8.60572347838212
47.1724347790605
78.0798499854207
60.5609443309309
2.20957867847541
28.6912996799057
63.3184511418065
5.78964297908324
25.0725758592106
26.1267411061185
14.5748782029966
151.530858895413
5.8048255000407
28.0312209760655
9.83220660208177
86.3892976954484
25.5895102214535
18.8233333119749
19.9137229719508
28.3960360758282
14.5625584507109
23.755769374614
10.9527633295525
5.90368532622195
12.2842670764186
11.182428171468
34.9762109238725
13.8538772093163
19.256751784033
98.5908024982579
27.7417378047272
53.332872996563
13.9900678973616
43.0275885521756
33.7821555516311
23.2083588432679
4.42877485342698
12.0001472654727
36.0941803395593
155.999679258016
10.5496683233743
3.50955530625963
94.9526837235803
14.6026233676032
68.9492401824433
47.3938839986346
106.75861305219
22.0036003869832
70.0844568032934
6.90584366973022
9.25257559192832
11.8573506434178
79.248683118788
14.9427705512791
14.7064061282536
8.63786635874357
42.2823546095767
13.1402907507462
4.38546440805832
18.9045246731
33.4403619432914
104.313075984851
31.1986619255864
32.8159842237498
37.1182603815477
66.3412567408068
61.2186670455393
26.9915226824383
43.1206832112033
12.7510286414586
11.3168249048257
43.496316285466
58.2430760410831
1.94921770455549
62.6809424591569
85.2260173116371
15.5584494495223
42.0528940854794
26.5584635901005
35.4378252128841
21.2207754928777
38.345553627214
30.1077224886129
15.7968889575979
10.8120256238196
41.5481714439402
96.0067505115426
36.695024069752
73.4506453851342
14.5948634279372
24.7563126509522
20.0769579837695
15.1638534872231
17.9247706098821
46.6842547593894
54.4870483253222
62.7265739236467
69.8072352451152
31.9127701785892
17.8124019789488
21.7770697506366
29.8747658321787
42.4804651171217
27.7266245642455
35.6697540777576
42.0156169390412
8.40342614333531
18.7963618078562
27.2765938169518
67.7042023913119
60.6391165868576
55.4337998939731
178.530919303417
16.3332743095118
125.942786985628
14.0560042885245
17.3941935468022
52.0973001995446
3.795960494472
9.05177702229181
37.4032654631073
85.0085351548003
77.8451046683983
4.26309704234494
30.8185641796371
16.8833558345405
28.4713868588126
65.907893415744
32.9723112164266
23.1672740481372
59.5334297447219
6.20729797256521
13.137710165978
95.1657635850819
57.2276850290125
13.8078929418951
25.6158162605889
5.02844459634049
44.8828244270219
20.2647155089786
35.4422735143837
30.6154017566937
54.4709245123591
15.6271716040599
15.5132383688922
6.83113579561201
21.1983642096658
54.3664122439123
120.41245377563
3.69052221587543
14.4585755075312
3.84375348036328
11.2039472082999
93.8725696497441
20.9674999251873
