0.274443345200742
0.579254857941865
0.507462166665406
0.253994166084893
0.216921277071414
0.375630208027511
0.258750940221513
0.375226114542021
0.393862897017272
0.0992725693588352
0.0801307229868236
0.432260898346577
0.147385810647527
0.0603392919168221
0.31566147373095
0.493566993462471
0.285492106889058
0.249524401396636
0.704592686610488
0.151573551951784
0.429879018516462
0.131685096951971
0.133674298483246
0.213431689409488
0.610861861736837
0.449448122314988
0.160513762358175
0.421840362849525
0.577106902864547
0.496694050436335
0.230064280360953
0.284593283834222
0.508699970092682
0.112448008963508
0.477505655137157
0.130499687660715
0.159169761740763
0.385143357349322
0.446296699294983
0.191479655072749
0.156798326402168
0.191076095650921
1.08366459798624
0.265953007377163
0.0532910665447778
0.137872065721878
0.166100525052788
0.168362217468026
0.147407750636404
0.185123087758278
0.192490697920216
0.370277582168885
0.196058008541985
0.131003079465651
0.229192771251364
0.217852087569418
0.322059611033232
0.193876288253136
0.172204862415341
0.0683219664939648
0.123614682733188
0.179058698896795
0.382675144910022
0.434234008562135
0.191517292295625
0.0971004340445662
0.424669604791497
0.128178812401087
0.200214713591026
0.123310800915296
0.758459428722478
0.159069537356081
0.594392842068969
0.0940846528463497
0.447720851787362
0.509597520130237
0.149541051187669
0.446703967370637
0.22316741244509
1.17891721222883
0.512697996156981
0.544049295765448
0.0702060950875002
0.171817121948163
0.131154229436952
0.0823349232683331
0.156629015224774
0.116559762911647
0.427026742504478
0.0791088140460331
0.812813655598383
0.0876936470755229
0.46756554082232
0.429973283282228
0.486450873638919
0.822421190643074
0.109919129382484
0.0678814890841273
0.165522139114035
0.143140375495776
0.341895581035021
0.179098687218281
0.116269086780023
0.030630930350524
0.38084675640986
0.139691144284557
0.250729265477372
0.0573716778150916
0.0998819119172077
0.414233465304343
0.428700287327717
0.351774446889188
0.219338216170517
0.253220928686453
0.19555119533778
0.0976706035642415
0.0971853189709939
0.0896651305285782
0.614450559668419
0.129016130122253
0.20809945222218
0.517872975907064
0.344263314376951
0.136540507558747
0.211603956415555
0.0950500284937909
0.127113008745979
0.225302951902949
0.0825942171234499
0.390853908711556
0.0348263809229781
0.250234584120136
0.653316927647363
0.043159993078609
0.222939105811724
0.276945616885205
1.62825048265389
0.153393538524036
0.495196457460345
0.122570395622845
0.159831849589185
0.22050778313165
0.108135666041176
0.437523354818258
0.230186353340402
0.270021872629296
0.456776513075558
0.382879914630793
0.0651501579325822
0.274435887967464
0.339841654849858
0.0918348824494018
0.241913409405346
0.470349557644502
0.110360537525367
0.660383451653461
0.0396467530805789
0.238620766055951
0.079187545371618
0.611314800964046
0.362738619240406
0.453938035940672
0.278542978733136
0.438594681945668
0.0918362871889879
0.241590178412603
0.159164902524525
0.0989055866331319
0.12282788055507
0.232971371211551
0.351160860175569
0.161997805953981
0.320775380852892
0.620118792148492
0.762297948458138
0.508082814060296
0.230414961889235
0.458853675803811
0.489027173383698
0.153563835467686
0.0563121782776946
0.142421095925844
0.579571059368075
0.650021094426011
0.207641340337704
0.0875202852748353
0.660490746497565
0.136697586037085
0.545325211199634
0.220065308089694
0.677108545432435
0.181705162504358
0.660203397334002
0.0658922688893603
0.098857840838154
0.167957380694291
0.471297824074444
0.148496061284849
0.140214024494021
0.0725182060746941
0.678240274056297
0.113215905538062
0.0472900909473349
0.287728871664063
0.261011269918245
1.2211153067268
0.369686856793618
0.296783525118365
0.392018851563113
1.06136149955579
0.341464201611731
0.267114338023309
0.426109673913248
0.140690959825837
0.157663879986545
0.43474762914899
0.658827838021469
0.0456619048336262
0.412236216537302
1.08290639477536
0.147824993422754
0.491929786818951
0.414481059562038
0.304120955328893
0.237133352150685
0.619293675570311
0.130235302565972
0.142013233404836
0.0882789848848445
0.347474406418297
0.652887127910983
0.84084182966955
0.595304103697592
0.267529099807555
0.210023378713444
0.343646870027512
0.133524902221825
0.247535493002541
0.534570042059085
0.472411770187833
0.378661555173539
0.839959584294875
0.451358161185735
0.430624910954358
0.179419708823586
0.381847522237678
0.242503538833695
0.196597467132961
0.390568442766844
0.356781046700871
0.122465643680685
0.0946118023763832
0.21559440424101
0.248804842047584
0.303362922273224
0.370485651042735
1.04131176459813
0.391321999269455
1.01286103529944
0.21763236808092
0.118439473837408
0.495241116797422
0.115971649278716
0.108615182400616
0.552496629560935
0.384237622409277
0.782319729444919
0.0464221397375792
0.252761366455287
0.149303080507709
0.323251354988853
0.560563515485167
0.227709301564912
0.182854341682965
0.318208639494533
0.0844081173145836
0.390908993368848
0.572762622270474
0.448115684795512
0.12048448627862
0.318152993444634
0.105603282913484
0.700731111149631
0.21239731419778
0.263436849050701
0.236631908543056
0.548639618767047
0.105379123259787
0.130968017098592
0.0749953615267388
0.343717336862366
0.352424124921044
0.504036451967785
0.0601558528006353
0.29781300252437
0.0535006385514801
0.172205467325581
0.370250612417452
0.127911085405185
